# 3dvolreg matrices (DICOM-to-DICOM, row-by-row):
     0.999997   -0.00222259    0.00135017    -0.0430633    0.00221454       0.99998    0.00593593      0.230154   -0.00136334   -0.00593292      0.999981     -0.161146
     0.999997   -0.00206139    0.00132668    -0.0511047    0.00205304      0.999978    0.00626583      0.229973   -0.00133957   -0.00626309      0.999979     -0.227213
     0.999997   -0.00205516    0.00120134    -0.0490243    0.00204741      0.999977    0.00642154       0.21213   -0.00121451   -0.00641906      0.999979     -0.222695
     0.999997   -0.00220738    0.00113184    -0.0475599    0.00220057       0.99998    0.00598697      0.230416   -0.00114503   -0.00598446      0.999981     -0.229019
     0.999997   -0.00213747   0.000998247    -0.0392196    0.00213122      0.999978    0.00622797      0.229758   -0.00101154   -0.00622582       0.99998     -0.188845
     0.999997   -0.00221983   0.000995793    -0.0324112    0.00221374      0.999979    0.00607725      0.137617   -0.00100926   -0.00607503      0.999981     -0.190932
     0.999997    -0.0021153    0.00100688    -0.0375918    0.00210933       0.99998    0.00589522       0.14521   -0.00101933   -0.00589308      0.999982     -0.172648
     0.999997   -0.00209617   0.000855038    -0.0393793    0.00209103       0.99998    0.00597173      0.254332  -0.000867539   -0.00596993      0.999982     -0.159856
     0.999997   -0.00216744   0.000927582    -0.0386346    0.00216186       0.99998     0.0059712      0.227813  -0.000940505   -0.00596918      0.999982     -0.164506
     0.999997   -0.00206663    0.00105489    -0.0355696    0.00206042      0.999981    0.00585489      0.164482   -0.00106697    -0.0058527      0.999982     -0.150516
     0.999998   -0.00201117   0.000949274    -0.0320261    0.00200569      0.999982    0.00573543       0.23588  -0.000960792   -0.00573351      0.999983     -0.149649
     0.999998   -0.00198521    0.00100632    -0.0430827    0.00197892      0.999979    0.00621308      0.170925   -0.00101863   -0.00621108       0.99998     -0.160374
     0.999998   -0.00198904   0.000974012    -0.0379249    0.00198325      0.999981    0.00590219      0.152223  -0.000985733   -0.00590025      0.999982     -0.153731
     0.999997   -0.00201911    0.00122042    -0.0423651    0.00201157      0.999979    0.00614667      0.192435   -0.00123281   -0.00614419       0.99998     -0.151824
     0.999997   -0.00201085    0.00104788    -0.0368762    0.00200449       0.99998    0.00603923      0.106578      -0.00106   -0.00603711      0.999981     -0.145166
     0.999998   -0.00200175   0.000964638    -0.0425362    0.00199597       0.99998    0.00595955       0.18346  -0.000976548   -0.00595761      0.999982     -0.148702
     0.999998   -0.00189464   0.000894163     -0.039375    0.00188929      0.999981    0.00594339      0.236042  -0.000905406   -0.00594169      0.999982     -0.170854
     0.999998   -0.00196693    0.00093721    -0.0392466    0.00196133       0.99998    0.00594246      0.137373   -0.00094888   -0.00594061      0.999982     -0.172744
     0.999998     -0.001907   0.000755858    -0.0350777    0.00190269      0.999982     0.0056604     0.0992414  -0.000766639   -0.00565895      0.999984     -0.187493
     0.999997   -0.00204751    0.00100694    -0.0492579    0.00204137       0.99998    0.00606691      0.236702   -0.00101934   -0.00606484      0.999981     -0.152045
     0.999997   -0.00199852     0.0010826    -0.0528261    0.00199203       0.99998    0.00596692      0.236606   -0.00109451   -0.00596475      0.999982     -0.105738
     0.999998   -0.00185208    0.00110402    -0.0494358    0.00184563      0.999981    0.00581345      0.157909   -0.00111477    -0.0058114      0.999982     -0.121188
     0.999997   -0.00180164    0.00141241     -0.055887    0.00179298       0.99998    0.00610585      0.157016   -0.00142339   -0.00610331       0.99998     -0.122566
     0.999998   -0.00178618    0.00111442    -0.0502785    0.00177968      0.999982    0.00580912      0.143701   -0.00112477   -0.00580712      0.999983     -0.112641
     0.999998   -0.00180582   0.000948055    -0.0555187    0.00180022      0.999981    0.00588112      0.136609  -0.000958658   -0.00587941      0.999982      -0.12409
     0.999998    -0.0017526   0.000856475    -0.0571302     0.0017475      0.999981    0.00591624      0.187592  -0.000866828   -0.00591473      0.999982     -0.122238
     0.999998   -0.00155173   0.000976025    -0.0598967    0.00154559      0.999979    0.00625819      0.147365  -0.000985716   -0.00625667       0.99998      -0.11635
     0.999998   -0.00158565   0.000819448    -0.0546763    0.00158069      0.999981    0.00601673      0.140523  -0.000828972   -0.00601542      0.999982     -0.120785
     0.999998   -0.00163155   0.000959026      -0.05746    0.00162587      0.999981    0.00589881      0.227315  -0.000968632   -0.00589724      0.999982     -0.120356
     0.999998   -0.00164741   0.000966676    -0.0621859    0.00164161      0.999981    0.00597662      0.123522  -0.000976503   -0.00597502      0.999982     -0.131181
     0.999998   -0.00173557   0.000866083    -0.0594358    0.00173073      0.999983    0.00555765      0.140942  -0.000875714   -0.00555614      0.999984     -0.120022
     0.999998   -0.00158916   0.000783841    -0.0559643    0.00158484      0.999984     0.0054874      0.282158  -0.000792549   -0.00548615      0.999985    -0.0959017
     0.999999   -0.00152065   0.000724048     -0.057031    0.00151652      0.999983    0.00567393      0.199141  -0.000732664   -0.00567282      0.999984     -0.121406
     0.999998   -0.00160264    0.00067669    -0.0596382    0.00159867      0.999982    0.00582082      0.127715  -0.000686006   -0.00581973      0.999983     -0.136032
     0.999999   -0.00160919    0.00063735    -0.0588163    0.00160559      0.999983    0.00560852      0.197228  -0.000646364   -0.00560749      0.999984     -0.138464
     0.999998   -0.00159089   0.000772825    -0.0618078    0.00158654      0.999983    0.00560466      0.198971  -0.000781729   -0.00560342      0.999984     -0.130331
     0.999998   -0.00160486   0.000864185    -0.0556217    0.00160017      0.999984    0.00540176      0.135564   -0.00087284   -0.00540036      0.999985     -0.118384
     0.999998   -0.00164604   0.000841917    -0.0568192    0.00164152      0.999984    0.00534123      0.139351  -0.000850696   -0.00533984      0.999985     -0.102485
     0.999999   -0.00157047   0.000663223    -0.0592059    0.00156698      0.999985    0.00521888      0.122839  -0.000671409   -0.00521783      0.999986      -0.13127
     0.999999   -0.00155772   0.000612381    -0.0622215     0.0015545      0.999985    0.00522972        0.1812  -0.000620518   -0.00522876      0.999986     -0.145269
     0.999999   -0.00141433    0.00056209    -0.0672013    0.00141165      0.999988     0.0047341      0.211402  -0.000568779    -0.0047333      0.999989     -0.160907
     0.999999   -0.00141784   0.000565464    -0.0638751    0.00141402      0.999977    0.00669231      0.135278   -0.00057494    -0.0066915      0.999977     -0.184286
     0.999999   -0.00149221    0.00072968    -0.0506919    0.00150433      0.999856    -0.0169087      0.773671  -0.000704344     0.0169098      0.999857      0.126814
     0.999999   -0.00133164   0.000557868    -0.0507998    0.00134023      0.999876    -0.0156951       0.67729  -0.000536899     0.0156958      0.999877      0.206249
     0.999999   -0.00133907   0.000873829    -0.0434531      0.001333      0.999975    0.00690397      0.106136  -0.000883052    -0.0069028      0.999976     -0.165902
     0.999999   -0.00121158      0.001018    -0.0700446    0.00120663      0.999988    0.00484759      0.205991   -0.00102386   -0.00484635      0.999988     -0.156044
     0.999999   -0.00113155   0.000796472    -0.0629117    0.00112771      0.999988    0.00480753      0.264101  -0.000801902   -0.00480663      0.999988     -0.167643
     0.999999   -0.00105849   0.000733287    -0.0560113    0.00105493      0.999988    0.00483139      0.170652  -0.000738392   -0.00483061      0.999988     -0.183054
     0.999999   -0.00101763   0.000737119    -0.0570432     0.0010142      0.999989    0.00463725      0.183577   -0.00074183    -0.0046365      0.999989     -0.178095
     0.999999   -0.00104702   0.000794516    -0.0594238    0.00104323      0.999988    0.00474449      0.192722  -0.000799474   -0.00474366      0.999988     -0.171549
     0.999999   -0.00101679    0.00081454    -0.0556684    0.00101315       0.99999    0.00445326     0.0865056   -0.00081906   -0.00445243       0.99999     -0.178948
     0.999999  -0.000967546   0.000780896    -0.0494461    0.00096417       0.99999    0.00431194      0.153783   -0.00078506   -0.00431118       0.99999     -0.177733
     0.999999   -0.00109205   0.000840506    -0.0477169    0.00108877      0.999992    0.00389122      0.177506  -0.000844749    -0.0038903      0.999992     -0.191681
     0.999999   -0.00129272    0.00078298    -0.0346269    0.00128996      0.999993    0.00352324       0.24227  -0.000787529   -0.00352222      0.999993     -0.166171
     0.999999    -0.0011546   0.000890674    -0.0393508    0.00115155      0.999994    0.00341664      0.176397  -0.000894613   -0.00341561      0.999994     -0.170653
     0.999999   -0.00119504    0.00105569    -0.0393259    0.00119116      0.999993    0.00366821     0.0981603   -0.00106006   -0.00366695      0.999993     -0.170043
     0.999999   -0.00121151   0.000994428    -0.0371125    0.00120808      0.999993    0.00344737       0.16564  -0.000998598   -0.00344616      0.999994     -0.174612
     0.999999   -0.00124887   0.000909079    -0.0383046    0.00124572      0.999993    0.00345847      0.112534  -0.000913392   -0.00345733      0.999994      -0.18479
     0.999997   -0.00185064    0.00150348    -0.0328317    0.00184621      0.999994    0.00294195      0.314014   -0.00150891   -0.00293917      0.999995     -0.184933
     0.999996   -0.00210262    0.00181744    -0.0343505    0.00209638      0.999992    0.00342872      0.147092   -0.00182463   -0.00342489      0.999992     -0.179028
     0.999996   -0.00195219    0.00180073    -0.0448848    0.00194659      0.999993    0.00310953      0.169303   -0.00180679   -0.00310602      0.999994     -0.131899
     0.999997   -0.00199387    0.00154297    -0.0437989    0.00198892      0.999993    0.00320263      0.279711   -0.00154935   -0.00319955      0.999994     -0.193193
     0.999997    -0.0020521    0.00147079    -0.0501507    0.00204698      0.999992     0.0034803      0.176394   -0.00147792   -0.00347728      0.999993     -0.220818
     0.999997   -0.00195652    0.00134442     -0.055184    0.00195201      0.999992    0.00335265      0.156216   -0.00135097   -0.00335002      0.999993     -0.227457
     0.999997   -0.00197785    0.00136733    -0.0572694    0.00197362      0.999993    0.00308416      0.190085   -0.00137342   -0.00308145      0.999994     -0.211534
     0.999997   -0.00214453    0.00106457    -0.0565533    0.00214068      0.999991    0.00360375      0.259503   -0.00107229   -0.00360146      0.999993     -0.189051
     0.999997   -0.00199167    0.00123267    -0.0700638    0.00198818      0.999994    0.00282747     0.0972466    -0.0012383   -0.00282501      0.999995     -0.228605
     0.999997   -0.00189776    0.00126534    -0.0650699    0.00189437      0.999995     0.0026785      0.110422   -0.00127041    -0.0026761      0.999996     -0.202779
     0.999997   -0.00183932     0.0013334    -0.0666826    0.00183576      0.999995    0.00267209      0.214981    -0.0013383   -0.00266963      0.999996      -0.22597
     0.999997   -0.00190812    0.00134841    -0.0643962    0.00190484      0.999995    0.00242835      0.282724   -0.00135304   -0.00242578      0.999996     -0.234232
     0.999997   -0.00186686    0.00146671    -0.0732429      0.001863      0.999995    0.00263044       0.20654   -0.00147162    -0.0026277      0.999995     -0.227921
     0.999997   -0.00186638    0.00151202    -0.0815944    0.00186264      0.999995    0.00246593      0.190635   -0.00151661   -0.00246311      0.999996     -0.273792
     0.999998   -0.00168324     0.0013131    -0.0853361    0.00167962      0.999995    0.00274759      0.231223   -0.00131772   -0.00274538      0.999995     -0.329999
     0.999997    -0.0017185    0.00143925    -0.0705615    0.00171452      0.999995    0.00276089      0.194841   -0.00144399   -0.00275841      0.999995     -0.265323
     0.999997   -0.00177292    0.00148316    -0.0551646    0.00176832      0.999994    0.00309175      0.286715   -0.00148864   -0.00308912      0.999994     -0.371682
     0.999998   -0.00154506    0.00144751     -0.064845     0.0015397      0.999992    0.00370025      0.165798   -0.00145322   -0.00369801      0.999992     -0.452336
     0.999998      -0.00146    0.00153666    -0.0681486    0.00145595      0.999995    0.00263411      0.303098    -0.0015405   -0.00263187      0.999995     -0.407584
     0.999998   -0.00141664    0.00154973    -0.0666234    0.00141302      0.999996    0.00233778      0.358311   -0.00155304   -0.00233559      0.999996     -0.417449
     0.999998   -0.00148661    0.00138668    -0.0651742     0.0014833      0.999996    0.00238222       0.18441   -0.00139022   -0.00238016      0.999996      -0.40838
     0.999998   -0.00149058    0.00130416    -0.0607558     0.0014878      0.999997    0.00213711      0.233011   -0.00130734   -0.00213517      0.999997     -0.398404
     0.999998   -0.00159811    0.00141046     -0.056495    0.00159518      0.999997    0.00207944      0.279864   -0.00141377   -0.00207719      0.999997     -0.394007
     0.999998   -0.00136554    0.00136345    -0.0618157    0.00136284      0.999997    0.00197691      0.233342   -0.00136615   -0.00197505      0.999997     -0.407056
     0.999998   -0.00141667    0.00141778    -0.0637972    0.00141377      0.999997    0.00204292      0.293973   -0.00142067   -0.00204091      0.999997     -0.383743
     0.999998   -0.00157193    0.00136466    -0.0592873    0.00156905      0.999997    0.00210757      0.328477   -0.00136797   -0.00210543      0.999997     -0.382111
     0.999998   -0.00164075    0.00139703    -0.0600275    0.00163794      0.999997    0.00200705      0.333341   -0.00140032   -0.00200476      0.999997     -0.373419
     0.999998   -0.00156277     0.0013976    -0.0579839    0.00155991      0.999997    0.00204595        0.2589   -0.00140079   -0.00204377      0.999997      -0.36886
     0.999998   -0.00151045    0.00132289    -0.0621839    0.00150782      0.999997    0.00198554      0.236045   -0.00132588   -0.00198355      0.999997     -0.375994
     0.999998   -0.00140223    0.00128014    -0.0684798    0.00139964      0.999997    0.00201976      0.300995   -0.00128297   -0.00201797      0.999997     -0.369751
     0.999998   -0.00135912    0.00126426    -0.0734852    0.00135639      0.999997    0.00215773      0.207883   -0.00126719   -0.00215601      0.999997     -0.389105
     0.999998   -0.00144765    0.00147894    -0.0779618    0.00144481      0.999997    0.00192208      0.165232   -0.00148172   -0.00191993      0.999997     -0.381184
     0.999998     -0.001318    0.00143179    -0.0815346     0.0013153      0.999997    0.00189126      0.295881   -0.00143428   -0.00188937      0.999997     -0.361512
     0.999998   -0.00111791     0.0014327    -0.0864559    0.00111487      0.999997    0.00212112      0.282603   -0.00143507   -0.00211952      0.999997     -0.385165
     0.999998   -0.00119189    0.00126983    -0.0840139    0.00118886      0.999996     0.0023864      0.190845   -0.00127267   -0.00238489      0.999996     -0.402765
     0.999999    -0.0011604    0.00124395    -0.0914966    0.00115741      0.999996    0.00239791      0.234005   -0.00124673   -0.00239647      0.999996     -0.408708
     0.999999   -0.00114733    0.00115759    -0.0927862    0.00114467      0.999997    0.00229427      0.289072   -0.00116022   -0.00229294      0.999997      -0.40029
     0.999999   -0.00111539      0.001164    -0.0966546    0.00111272      0.999997    0.00229104      0.273681   -0.00116655   -0.00228974      0.999997     -0.413584
     0.999999   -0.00109738     0.0010492    -0.0942108    0.00109523      0.999997    0.00204086      0.258038   -0.00105143   -0.00203971      0.999997     -0.414174
     0.999999   -0.00107604   0.000869884    -0.0867075    0.00107418      0.999997    0.00213567      0.233481   -0.00087218   -0.00213473      0.999997     -0.387231
     0.999999   -0.00110961   0.000952509    -0.0890045    0.00110781      0.999998    0.00189375       0.28356  -0.000954608   -0.00189269      0.999998     -0.380351
     0.999999   -0.00119137   0.000991175    -0.0813684    0.00118935      0.999997     0.0020323      0.253331  -0.000993593   -0.00203112      0.999997     -0.386518
     0.999999   -0.00125145    0.00104289    -0.0829717    0.00124926      0.999997    0.00210491      0.250567   -0.00104552   -0.00210361      0.999997     -0.380227
     0.999999   -0.00115872   0.000930167    -0.0736799     0.0011566      0.999997    0.00227143      0.202883  -0.000932796   -0.00227035      0.999997     -0.386758
     0.999999    -0.0011027    0.00105258    -0.0798398    0.00110047      0.999997     0.0021229      0.267251   -0.00105492   -0.00212174      0.999997      -0.38475
     0.999999  -0.000962594    0.00106164    -0.0834216   0.000959675      0.999996    0.00274621      0.255028   -0.00106428   -0.00274519      0.999996     -0.398897
     0.999999   -0.00111267     0.0010568    -0.0691015    0.00111014      0.999997    0.00238379      0.234111   -0.00105945   -0.00238261      0.999997     -0.398345
     0.999999  -0.000939263   0.000973602    -0.0624476     0.0009367      0.999996    0.00263011      0.290804  -0.000976068   -0.00262919      0.999996     -0.411243
     0.999999  -0.000989946   0.000809309    -0.0740408    0.00098798      0.999997    0.00242538      0.168885  -0.000811707   -0.00242458      0.999997     -0.416761
     0.999999   -0.00113551   0.000752051     -0.070697    0.00113377      0.999997    0.00230786      0.300264  -0.000754669   -0.00230701      0.999997     -0.391021
     0.999999   -0.00118695   0.000692646    -0.0581855     0.0011852      0.999996    0.00251356      0.271571  -0.000695627   -0.00251274      0.999997     -0.364869
     0.999999     -0.001092   0.000808432    -0.0641554    0.00109006      0.999997    0.00240159      0.165206  -0.000811051   -0.00240071      0.999997     -0.381001
     0.999999   -0.00113741   0.000819079    -0.0699785    0.00113545      0.999997    0.00238258      0.213994  -0.000821786   -0.00238165      0.999997     -0.371554
     0.999999   -0.00100437   0.000929672    -0.0611304    0.00100179      0.999996    0.00276953       0.27078   -0.00093245   -0.00276859      0.999996     -0.374643
            1    -0.0006895   0.000142773    -0.0791709    0.00068904      0.999995     0.0031915      0.259923  -0.000144972    -0.0031914      0.999995     -0.390733
     0.999999   -0.00142256   -0.00033511    -0.0714963    0.00142353      0.999995    0.00288812      0.222342      0.000331   -0.00288859      0.999996      -0.34951
     0.999999   -0.00117683    0.00010153     -0.071127    0.00117656      0.999996    0.00262214      0.297945  -0.000104616   -0.00262202      0.999997     -0.359022
     0.999999  -0.000990493  -0.000245988    -0.0701349   0.000991073      0.999997    0.00236787      0.263561   0.000243642   -0.00236812      0.999997     -0.380172
            1  -0.000860737  -0.000234714    -0.0672888   0.000861346      0.999996    0.00260805      0.213038   0.000232469   -0.00260825      0.999997      -0.37573
            1  -0.000745128  -0.000247363    -0.0764143   0.000745707      0.999997    0.00234814      0.302196   0.000245613   -0.00234832      0.999997     -0.377156
            1  -0.000599151  -0.000237325    -0.0756886   0.000599755      0.999997    0.00255241       0.20473   0.000235795   -0.00255255      0.999997     -0.387347
            1  -0.000611131    0.00014017    -0.0862764   0.000610712      0.999995    0.00296326      0.185402  -0.000141981   -0.00296317      0.999996     -0.359411
            1  -0.000454753  -4.82379e-05    -0.0877662   0.000454874      0.999997    0.00253205      0.297019   4.70863e-05   -0.00253207      0.999997     -0.383945
            1   -0.00034083  -6.25822e-05    -0.0886865   0.000340996      0.999996    0.00267921       0.27291   6.16688e-05   -0.00267924      0.999996     -0.390618
            1  -0.000319889   5.42819e-05    -0.0886233   0.000319743      0.999996    0.00266699      0.267592  -5.51348e-05   -0.00266697      0.999996     -0.369766
            1  -0.000334796   0.000101221    -0.0808714   0.000334529      0.999996    0.00262921      0.230419    -0.0001021   -0.00262917      0.999997     -0.366781
            1  -0.000384262   5.32809e-05     -0.087165   0.000384124      0.999997    0.00257067      0.303802  -5.42685e-05   -0.00257065      0.999997     -0.360331
            1  -0.000329702  -3.51363e-05    -0.0811975   0.000329792      0.999997    0.00260208      0.195448   3.42783e-05   -0.00260209      0.999997     -0.377451
            1   -0.00032862    0.00010247    -0.0797914   0.000328335      0.999996    0.00276676      0.177404  -0.000103379   -0.00276673      0.999996     -0.345547
            1  -0.000186138  -0.000177489     -0.079525   0.000186563      0.999997    0.00239447      0.198063   0.000177043    -0.0023945      0.999997     -0.350366
            1  -0.000192369  -0.000178999    -0.0806306   0.000192804      0.999997    0.00243368      0.195045    0.00017853   -0.00243371      0.999997     -0.342568
            1   -0.00020329  -0.000273819    -0.0794101   0.000203949      0.999997    0.00240859      0.249661   0.000273329   -0.00240864      0.999997     -0.336207
            1  -0.000159006  -0.000352749    -0.0784425   0.000159895      0.999997    0.00252137       0.22686   0.000352347   -0.00252142      0.999997     -0.336637
            1  -0.000206165  -0.000282713    -0.0772599   0.000206896      0.999997    0.00258554      0.209135   0.000282179    -0.0025856      0.999997     -0.327411
            1  -0.000228301  -0.000231034    -0.0760509   0.000228838      0.999997    0.00232985      0.228293   0.000230501    -0.0023299      0.999997     -0.339286
            1  -0.000161191  -0.000175364    -0.0799599   0.000161627      0.999997    0.00248991      0.272231   0.000174962   -0.00248994      0.999997     -0.328219
            1  -8.66292e-05   -0.00022682    -0.0753596   8.71636e-05      0.999997    0.00235697      0.223258   0.000226616   -0.00235699      0.999997     -0.326849
            1    4.8898e-05  -0.000255113    -0.0752957  -4.82608e-05      0.999997     0.0024972      0.283719   0.000255235   -0.00249719      0.999997     -0.324106
            1   6.61255e-05  -0.000522569    -0.0688314  -6.46937e-05      0.999996    0.00273958      0.268411   0.000522748   -0.00273955      0.999996     -0.339657
            1  -2.73824e-05  -0.000368538    -0.0729606   2.83742e-05      0.999996    0.00269164      0.228425   0.000368463   -0.00269165      0.999996      -0.34813
            1  -3.67039e-05  -0.000198506    -0.0766841   3.72608e-05      0.999996    0.00280658      0.289404   0.000198402   -0.00280659      0.999996     -0.338144
            1  -1.49616e-05  -0.000383333    -0.0725027   1.60138e-05      0.999996    0.00274521       0.19556    0.00038329   -0.00274522      0.999996      -0.34357
            1  -6.80417e-06  -0.000423354    -0.0717651   7.85189e-06      0.999997    0.00247484      0.150801   0.000423336   -0.00247484      0.999997      -0.34062
            1   2.94052e-05  -0.000343686    -0.0650229  -2.85778e-05      0.999997    0.00240721      0.255177   0.000343755    -0.0024072      0.999997     -0.314233
            1  -2.11405e-05  -0.000210926    -0.0673515   2.16238e-05      0.999997     0.0022919      0.211229   0.000210877   -0.00229191      0.999997     -0.316593
            1   5.29502e-05  -0.000136493    -0.0675507  -5.26653e-05      0.999998    0.00208631      0.201576   0.000136603   -0.00208631      0.999998      -0.30275
            1   4.14035e-05    1.5759e-05    -0.0677554  -4.14382e-05      0.999998    0.00220785      0.288285  -1.56676e-05   -0.00220785      0.999998     -0.282125
            1   1.17295e-05  -4.47014e-05    -0.0614897  -1.16258e-05      0.999997    0.00231892      0.175576   4.47285e-05   -0.00231892      0.999997     -0.297285
            1   0.000140051   -0.00012574    -0.0609071  -0.000139749      0.999997    0.00239749      0.201738   0.000126076   -0.00239747      0.999997     -0.306619
            1   0.000116796  -0.000173768    -0.0629584  -0.000116354      0.999997    0.00254156      0.307179   0.000174065   -0.00254154      0.999997     -0.295511
            1   0.000157105  -0.000304387    -0.0596291  -0.000156231      0.999996    0.00287028      0.301288   0.000304837   -0.00287024      0.999996     -0.300814
            1    0.00038409  -0.000494711    -0.0629707  -0.000382566      0.999995    0.00307821      0.290098   0.000495891   -0.00307802      0.999995     -0.322885
