# 3dvolreg matrices (DICOM-to-DICOM, row-by-row):
     0.999999   -0.00119072  -0.000398488     0.0196396    0.00119221      0.999992    0.00377119    -0.0180106   0.000393994   -0.00377166      0.999993     -0.289251
     0.999999   -0.00152049   -0.00035731     0.0130051    0.00152198       0.99999    0.00419392     0.0305164    0.00035093   -0.00419446      0.999991     -0.295759
     0.999999   -0.00152331  -0.000273991     0.0257985    0.00152436      0.999991    0.00387129   -0.00915236   0.000268091    -0.0038717      0.999992     -0.291742
     0.999999   -0.00162541  -0.000282678     0.0250668    0.00162652      0.999991    0.00395763    -0.0191218   0.000276242   -0.00395808      0.999992     -0.292144
     0.999998   -0.00166322  -0.000587727     0.0293976     0.0016653      0.999992    0.00354644    -0.0156573   0.000581824   -0.00354741      0.999994      -0.27754
     0.999998    -0.0016914  -0.000786172     0.0267581    0.00169405      0.999993    0.00337714      -0.12882   0.000780454   -0.00337846      0.999994      -0.27383
     0.999998   -0.00176806  -0.000767551     0.0320403    0.00177062      0.999993    0.00333873    -0.0551057   0.000761643   -0.00334009      0.999994     -0.265697
     0.999998   -0.00184517  -0.000504059     0.0341163    0.00184686      0.999993    0.00337494    -0.0213458   0.000497828   -0.00337586      0.999994     -0.266047
     0.999998    -0.0018222  -0.000416288     0.0380101    0.00182348      0.999994    0.00308275    -0.0611866   0.000410668    -0.0030835      0.999995      -0.25982
     0.999998   -0.00188449  -0.000231513     0.0379625    0.00188518      0.999994    0.00299426     0.0137206   0.000225869   -0.00299469      0.999995     -0.232484
     0.999998   -0.00186493  -0.000304675     0.0450768    0.00186576      0.999994    0.00275224    -0.0261381   0.000299541   -0.00275281      0.999996     -0.241297
     0.999999   -0.00156203  -0.000326521     0.0415631    0.00156308      0.999994    0.00324077    -0.0219487   0.000321457   -0.00324128      0.999995     -0.215533
     0.999999   -0.00154857  -0.000517221     0.0461474     0.0015501      0.999994    0.00296764    -0.0560441   0.000512623   -0.00296844      0.999995     -0.232081
     0.999999   -0.00145859  -0.000522173     0.0483455    0.00146006      0.999995    0.00282036    -0.0743389   0.000518057   -0.00282112      0.999996     -0.238907
     0.999999   -0.00152609  -0.000247484     0.0419169    0.00152672      0.999995     0.0025994    -0.0225869   0.000243516   -0.00259977      0.999997     -0.213604
     0.999999    -0.0014558  -0.000384927     0.0463303    0.00145677      0.999996    0.00253582    -0.0646189   0.000381233   -0.00253638      0.999997     -0.205033
     0.999999    -0.0013204  -0.000357968     0.0421663    0.00132121      0.999997    0.00225818   -0.00818365   0.000354986   -0.00225865      0.999997     -0.209498
     0.999999   -0.00133551  -0.000492553     0.0399449    0.00133668      0.999996    0.00238324     0.0424602   0.000489368    -0.0023839      0.999997     -0.206848
     0.999999   -0.00140889  -0.000495081     0.0397447    0.00141009      0.999996     0.0024304    -0.0551085   0.000491654   -0.00243109      0.999997     -0.209624
     0.999999   -0.00150519  -0.000447077     0.0401463    0.00150629      0.999996    0.00246363    0.00936297   0.000443367    -0.0024643      0.999997     -0.205854
     0.999999   -0.00122792  -0.000626782     0.0193274    0.00122933      0.999997    0.00224648    -0.0248065   0.000624022   -0.00224725      0.999997     -0.237354
     0.999999   -0.00107641   -0.00045943     0.0235356    0.00107738      0.999997    0.00210539     -0.124447   0.000457163   -0.00210588      0.999998     -0.236112
            1  -0.000962254  -0.000261395     0.0375592   0.000962706      0.999998      0.001736    -0.0558889   0.000259724   -0.00173625      0.999998     -0.206858
            1   -0.00083644   -0.00028545     0.0443421   0.000836916      0.999998    0.00167351    -0.0164672   0.000284049   -0.00167375      0.999999     -0.203825
            1   -0.00089718  -0.000366463     0.0433793   0.000897788      0.999998    0.00166133    -0.0436698   0.000364972   -0.00166166      0.999999     -0.212482
     0.999999    -0.0010251  -0.000344222     0.0391691    0.00102575      0.999998    0.00187911    -0.0728799   0.000342295   -0.00187946      0.999998     -0.254882
     0.999999  -0.000974682   -0.00033038     0.0441648   0.000975138      0.999999    0.00138509    -0.0296226    0.00032903   -0.00138541      0.999999      -0.28506
            1  -0.000786698   -0.00027426     0.0430382   0.000787179      0.999998    0.00175892    -0.0230103   0.000272876   -0.00175913      0.999998     -0.204895
            1  -0.000617014  -0.000498301     0.0230406   0.000617845      0.999998    0.00166859    -0.0246155    0.00049727   -0.00166889      0.999998     -0.203235
            1   -0.00081704  -0.000304629     0.0290763   0.000817561      0.999998    0.00171381     0.0387412   0.000303228   -0.00171406      0.999998      -0.23396
            1  -0.000717183  -0.000217076     0.0316434     0.0007176      0.999998    0.00192546     0.0515972   0.000215694   -0.00192562      0.999998     -0.246796
            1  -0.000561182  -0.000219514     0.0328781   0.000561551      0.999998    0.00168495     0.0219311   0.000218568   -0.00168507      0.999999     -0.245184
            1  -0.000276041  -0.000225299     0.0332649   0.000276375      0.999999    0.00148211     0.0357747    0.00022489   -0.00148218      0.999999     -0.206801
            1  -0.000104994   2.39188e-05     0.0326391   0.000104952      0.999999    0.00172324    -0.0811332  -2.40997e-05   -0.00172324      0.999999     -0.187954
            1   9.61398e-06    -9.958e-05     0.0336494  -9.47667e-06      0.999999    0.00137879     -0.012647   9.95932e-05   -0.00137879      0.999999     -0.182956
            1   9.73829e-05  -0.000166798     0.0288762  -9.71144e-05      0.999999    0.00160855    -0.0423022   0.000166955   -0.00160853      0.999999     -0.205101
            1   7.15334e-05  -0.000143785     0.0343882  -7.13083e-05      0.999999    0.00156479    -0.0548894   0.000143897   -0.00156478      0.999999     -0.192628
            1   0.000132822  -0.000118611     0.0306138  -0.000132636      0.999999    0.00156462    0.00175421   0.000118819   -0.00156461      0.999999     -0.180693
            1   0.000189503  -0.000159588     0.0265382  -0.000189263      0.999999     0.0015061     -0.104628   0.000159873   -0.00150607      0.999999     -0.184955
            1   8.85299e-05  -0.000282125     0.0290752  -8.80712e-05      0.999999    0.00162533    -0.0271536   0.000282269   -0.00162531      0.999999     -0.167682
            1    0.00018214  -0.000190922     0.0203793  -0.000181781      0.999998    0.00187901    -0.0787222   0.000191263   -0.00187898      0.999998     -0.185495
            1   9.37692e-05   -0.00020365     0.0175308   -9.3324e-05      0.999998    0.00218477     -0.101952   0.000203854   -0.00218475      0.999998     -0.180848
            1   0.000240065  -0.000355202     0.0209658   -0.00023942      0.999998    0.00181507  -0.000200611   0.000355637   -0.00181499      0.999998       -0.1747
            1   0.000462555  -0.000448736     0.0238956  -0.000461732      0.999998    0.00183311    -0.0558404   0.000449583    -0.0018329      0.999998     -0.185171
            1    0.00036743  -0.000336109     0.0283006  -0.000366803      0.999998    0.00186227    -0.0633866   0.000336792   -0.00186215      0.999998     -0.144648
            1   0.000331458  -0.000566638     0.0336136  -0.000330506      0.999999    0.00168058     0.0268875   0.000567195   -0.00168039      0.999998     -0.159481
            1    0.00036069  -0.000679504     0.0310685  -0.000359218      0.999998    0.00216528       0.07426   0.000680283   -0.00216503      0.999997     -0.170562
            1   0.000501954  -0.000601124     0.0288606  -0.000500738      0.999998    0.00202103    -0.0237008   0.000602137   -0.00202073      0.999998     -0.168034
            1   0.000538801  -0.000617289     0.0371108  -0.000537725      0.999998     0.0017418    -0.0572826   0.000618226   -0.00174146      0.999998     -0.163035
            1   0.000443771  -0.000476351     0.0330881  -0.000442993      0.999999    0.00163222     0.0723299   0.000477075   -0.00163201      0.999999     -0.135308
            1   0.000689078  -0.000449343     0.0235087  -0.000688334      0.999998    0.00165238     0.0411214    0.00045048   -0.00165207      0.999999     -0.149685
            1   0.000771431   -0.00033722     0.0129027  -0.000770761      0.999998    0.00198329      0.027394    0.00033875   -0.00198303      0.999998     -0.149949
            1   0.000742747  -0.000320609     0.0204652   -0.00074209      0.999998    0.00204442    -0.0206479   0.000322126   -0.00204418      0.999998     -0.138704
            1    0.00060235  -0.000420126     0.0188291  -0.000601558      0.999998    0.00188422     -0.042449    0.00042126   -0.00188397      0.999998     -0.152071
            1   0.000576832  -0.000472597     0.0236733  -0.000575862      0.999998    0.00204887     0.0336914   0.000473777    -0.0020486      0.999998     -0.164121
            1   0.000631386   -0.00040472      0.019823  -0.000630504      0.999997    0.00217581     -0.106607   0.000406093   -0.00217555      0.999998      -0.16547
            1   0.000686215  -0.000373225     0.0199067  -0.000685339      0.999997    0.00234117    -0.0357101    0.00037483   -0.00234092      0.999997     -0.141109
            1   0.000674847  -0.000485825     0.0200951  -0.000673846      0.999998    0.00205816   -0.00971164   0.000487213   -0.00205783      0.999998     -0.147487
            1   0.000689199  -0.000470301     0.0194121  -0.000688321      0.999998    0.00186485    -0.0308004   0.000471586   -0.00186453      0.999998     -0.145722
            1   0.000688114  -0.000346688     0.0135993  -0.000687428      0.999998    0.00197776     0.0129107   0.000348048   -0.00197752      0.999998      -0.14034
            1   0.000721187  -0.000345023     0.0115217  -0.000720538      0.999998    0.00187744    -0.0161397   0.000346377   -0.00187719      0.999998     -0.143172
            1   0.000658951   -0.00045861      0.018264  -0.000658033      0.999998    0.00199851    0.00194998   0.000459926   -0.00199821      0.999998     -0.143734
            1   0.000400041  -0.000531831     0.0324183  -0.000399059      0.999998    0.00184583    0.00739578   0.000532568   -0.00184562      0.999998     -0.153204
            1   0.000461153  -0.000419447     0.0246706  -0.000460399      0.999998    0.00179609   -0.00756779   0.000420275    -0.0017959      0.999998     -0.158644
            1   0.000588742  -0.000633758     0.0140015  -0.000587671      0.999998    0.00168911     0.0663683   0.000634751   -0.00168874      0.999998     -0.159985
            1   0.000734043  -0.000648653     0.0031682  -0.000733001      0.999998    0.00160627     0.0262905   0.000649831    -0.0016058      0.999998     -0.183004
            1   0.000750959  -0.000621599  -0.000182892   -0.00075001      0.999999    0.00152567    0.00305276   0.000622744    -0.0015252      0.999999     -0.191227
            1   0.000692313   -0.00065156    0.00184485  -0.000691413      0.999999    0.00138071     -0.032889   0.000652515   -0.00138025      0.999999     -0.194104
            1   0.000720478  -0.000648093    0.00162789  -0.000719891      0.999999   0.000904817    -0.0463026   0.000648744   -0.00090435      0.999999     -0.193399
     0.999999   0.000633741  -0.000812242    0.00499119  -0.000633206             1   0.000659053     0.0310609   0.000812659  -0.000658538      0.999999     -0.175657
     0.999999    0.00072849  -0.000775626   0.000430347  -0.000727994             1   0.000639617     0.0599006   0.000776092  -0.000639052      0.999999     -0.162686
            1   0.000927161  -0.000113077    -0.0165055  -0.000927027      0.999999    0.00118177    0.00580727   0.000114173   -0.00118166      0.999999     -0.162033
            1   0.000549508  -0.000440538    -0.0214527  -0.000549182             1   0.000739798    0.00133601   0.000440944  -0.000739556             1     -0.175083
            1   0.000610942  -0.000198129    -0.0137843  -0.000610796             1   0.000739563    -0.0246766   0.000198581  -0.000739442             1     -0.186558
            1   0.000626744  -0.000481302    -0.0159123  -0.000626297      0.999999   0.000928718      0.100563   0.000481883  -0.000928416      0.999999      -0.17357
     0.999999    0.00107125  -0.000768117    -0.0291717   -0.00107044      0.999999    0.00105972     0.0394645   0.000769251    -0.0010589      0.999999     -0.203886
     0.999999    0.00107671  -0.000745699    -0.0262008   -0.00107642      0.999999   0.000384329       0.02735   0.000746113  -0.000383526             1     -0.215786
     0.999999    0.00110678  -0.000850353    -0.0127748   -0.00110614      0.999999   0.000748602     0.0735577   0.000851181  -0.000747661      0.999999     -0.187617
     0.999999    0.00115548  -0.000725505    -0.0137545   -0.00115498      0.999999   0.000687566    -0.0423453   0.000726299  -0.000686727             1     -0.183774
     0.999999    0.00122843  -0.000615691    -0.0165624   -0.00122808      0.999999   0.000578135     0.0205408   0.000616401  -0.000577379             1     -0.173724
     0.999999    0.00117655  -0.000617509   -0.00846326   -0.00117581      0.999999    0.00119636     0.0612837   0.000618916   -0.00119563      0.999999     -0.189437
     0.999999    0.00118451  -0.000777827   -0.00323869   -0.00118371      0.999999    0.00102538     0.0425027    0.00077904   -0.00102446      0.999999      -0.20519
     0.999999    0.00121596   -0.00082779   -0.00206198   -0.00121525      0.999999   0.000857024    -0.0447201   0.000828831  -0.000856017      0.999999     -0.196352
     0.999999    0.00143115  -0.000574865    -0.0236402   -0.00143094      0.999999   0.000378681    -0.0620144   0.000575406  -0.000377858             1      -0.19631
     0.999999    0.00146947  -0.000554086    -0.0244957   -0.00146918      0.999999   0.000528359    -0.0428625   0.000554862  -0.000527544             1     -0.194919
     0.999999    0.00141128  -0.000456118    -0.0235916   -0.00141115      0.999999   0.000302877    0.00223418   0.000456545  -0.000302233             1     -0.198973
     0.999999    0.00145052  -0.000285376    -0.0311426   -0.00145033      0.999999    0.00068777     0.0418861   0.000286373  -0.000687356             1     -0.187441
     0.999999    0.00134568  -0.000589999    -0.0235873   -0.00134555      0.999999   0.000214175      0.104873   0.000590286  -0.000213381             1     -0.195211
     0.999999    0.00135231  -0.000474352    -0.0314696   -0.00135219      0.999999   0.000258645      0.054298   0.000474701  -0.000258003             1     -0.200511
     0.999999    0.00127062  -0.000443755    -0.0281653   -0.00127026      0.999999   0.000796457     0.0558997   0.000444766  -0.000795892             1      -0.17974
     0.999999    0.00126432  -0.000368821    -0.0309613   -0.00126411      0.999999   0.000591969     -0.013646   0.000369569  -0.000591503             1     -0.191102
     0.999999      0.001265  -0.000350294    -0.0401988   -0.00126489      0.999999   0.000309815     0.0528487   0.000350685  -0.000309372             1     -0.189064
     0.999999    0.00137131  -0.000189962    -0.0397571   -0.00137119      0.999999   0.000622164     0.0174041   0.000190815  -0.000621903             1     -0.172767
     0.999999    0.00139476  -0.000102338    -0.0348812   -0.00139472      0.999999   0.000327489    -0.0221837   0.000102794  -0.000327346             1     -0.174006
     0.999999    0.00126679  -6.28434e-05     -0.035931   -0.00126674      0.999999   0.000674559      0.113114   6.36979e-05  -0.000674479             1     -0.163447
     0.999999    0.00136578  -0.000240661    -0.0330004   -0.00136556      0.999999   0.000884662    -0.0314455   0.000241869  -0.000884332             1     -0.152088
     0.999999    0.00128965  -0.000194497    -0.0317645   -0.00128954      0.999999   0.000534207     0.0281714   0.000195185  -0.000533956             1     -0.151011
     0.999999    0.00119381  -0.000180691    -0.0199671   -0.00119371      0.999999   0.000521126      0.133177   0.000181313   -0.00052091             1     -0.140056
     0.999999    0.00112142  -0.000270535    -0.0250437    -0.0011213      0.999999   0.000432617     0.0393381    0.00027102  -0.000432313             1     -0.168047
     0.999999    0.00111819  -0.000433724    -0.0330901   -0.00111794      0.999999   0.000576544     -0.011892   0.000434369  -0.000576059             1      -0.11758
     0.999999    0.00125483   -0.00041113    -0.0104283   -0.00125452      0.999999   0.000734985      0.065378   0.000412052  -0.000734468             1     -0.154658
     0.999999    0.00119192  -0.000195546    -0.0105111   -0.00119174      0.999999   0.000934572     0.0582964    0.00019666  -0.000934338             1     -0.131153
     0.999999    0.00135542  -4.18274e-05    -0.0281763   -0.00135538      0.999999   0.000929291    -0.0464947   4.30869e-05  -0.000929233             1     -0.150007
     0.999999    0.00106687  -0.000101398    -0.0111159    -0.0010668      0.999999   0.000646925     0.0267269   0.000102088  -0.000646817             1     -0.160109
            1   0.000873466  -0.000230539    0.00158367  -0.000873202      0.999999    0.00114414     0.0494341   0.000231539   -0.00114394      0.999999     -0.151241
            1   0.000717307  -0.000361256    0.00923701  -0.000716971      0.999999   0.000928204      0.030721   0.000361922  -0.000927945             1     -0.169066
            1   0.000904525  -0.000385026   -0.00359234  -0.000903985      0.999999    0.00139921     0.0713337   0.000386291   -0.00139886      0.999999     -0.161762
            1   0.000669882  -0.000415015   -0.00942844  -0.000668894      0.999997    0.00237615      0.015885   0.000416606   -0.00237587      0.999997     -0.168391
            1   0.000599649  -0.000331479    -0.0139046  -0.000599001      0.999998    0.00195149     0.0564968   0.000332649   -0.00195129      0.999998     -0.175522
            1    0.00064106  -0.000449955    -0.0129996  -0.000640255      0.999998    0.00178756      0.105305     0.0004511   -0.00178727      0.999998     -0.152862
            1   0.000709181  -0.000460215    -0.0130374  -0.000708394      0.999998    0.00170676     0.0560248   0.000461424   -0.00170643      0.999998     -0.144629
            1    0.00074523  -0.000549511    -0.0133106  -0.000744342      0.999998    0.00161485     0.0198114   0.000550713   -0.00161444      0.999999      -0.14822
            1   0.000729203  -0.000672206    -0.0100417  -0.000728172      0.999999     0.0015331     0.0664992   0.000673323   -0.00153261      0.999999     -0.124369
            1   0.000596114  -0.000586257    -0.0154925  -0.000595264      0.999999    0.00144925       0.11897    0.00058712    -0.0014489      0.999999     -0.119652
            1   0.000587947  -0.000503772    -0.0165735  -0.000587199      0.999999    0.00148313     0.0179229   0.000504643   -0.00148284      0.999999     -0.132042
            1   0.000489017  -0.000462827    -0.0107955  -0.000488345      0.999999    0.00144989   -0.00126801   0.000463536   -0.00144966      0.999999     -0.127636
            1  -0.000288414   0.000131267    -0.0309136   0.000287802      0.999989    0.00463872    -0.0284711  -0.000132604   -0.00463868      0.999989     0.0929919
            1   0.000427827   0.000240645     -0.062056  -0.000428026             1   0.000828766  -0.000322423   -0.00024029  -0.000828869             1    0.00978279
            1   0.000300828  -0.000116884    -0.0299265  -0.000300842             1  -0.000126212     0.0947426   0.000116846   0.000126248             1    -0.0706212
            1  -0.000497294  -0.000209867    -0.0194521   0.000497373             1   0.000376517   -0.00505453    0.00020968  -0.000376621             1    -0.0456647
            1   -0.00032635  -0.000390919     -0.020515   0.000326504             1    0.00039305    0.00127315   0.000390791  -0.000393178             1   -0.00598912
            1  -0.000117957  -0.000661346    -0.0374997   0.000118435             1   0.000722451     0.0466863    0.00066126  -0.000722529             1    -0.0413926
            1  -0.000115328  -0.000921919    -0.0407764   0.000115493             1   0.000178995    0.00147501   0.000921898  -0.000179101             1    -0.0731709
            1   2.01474e-05  -0.000919777    -0.0438271  -2.03649e-05             1  -0.000236544    -0.0280065   0.000919772   0.000236563             1    -0.0522893
            1   0.000102991  -0.000962257    -0.0435854  -0.000103418             1  -0.000442835    -0.0733628   0.000962211   0.000442934      0.999999    -0.0603444
            1   0.000132644  -0.000927548    -0.0529224  -0.000133127             1  -0.000520712     0.0637239   0.000927478   0.000520835      0.999999    -0.0709846
            1   0.000187421  -0.000790276    -0.0563136  -0.000187809             1  -0.000491005     0.0341954   0.000790183   0.000491153             1    -0.0729348
            1   0.000286649  -0.000790471    -0.0499104  -0.000287417      0.999999  -0.000971413   -0.00957293   0.000790192   0.000971639      0.999999    -0.0516126
            1   0.000395583  -0.000605482    -0.0521219  -0.000396171      0.999999   -0.00097137     0.0485301   0.000605098    0.00097161      0.999999    -0.0621598
            1   0.000468231  -0.000578599    -0.0389553  -0.000469043      0.999999   -0.00140423   -0.00275158   0.000577941     0.0014045      0.999999    -0.0704985
            1   0.000525168  -0.000812747    -0.0411643  -0.000526323      0.999999   -0.00142119      0.126248   0.000811999    0.00142162      0.999999    -0.0768356
     0.999999   0.000522929  -0.000918191    -0.0403917  -0.000523941      0.999999   -0.00110288     0.0114007   0.000917614    0.00110336      0.999999    -0.0773132
     0.999999   0.000550291  -0.000891748    -0.0442246  -0.000551407      0.999999   -0.00125198    -0.0475253   0.000891059    0.00125247      0.999999     -0.082145
     0.999999   0.000732384  -0.000733683    -0.0574067  -0.000731357      0.999999    0.00139921       0.10452   0.000734707   -0.00139867      0.999999    -0.0362879
     0.999999    0.00097596  -0.000653657    -0.0616111   -0.00097515      0.999999    0.00123704    -0.0406705   0.000654863    -0.0012364      0.999999    -0.0431195
     0.999999    0.00118777  -0.000805141    -0.0318616   -0.00118793      0.999999  -0.000191727    -0.0257927   0.000804913   0.000192683             1   -0.00185262
            1   0.000855075  -0.000511655    -0.0178785  -0.000855176             1  -0.000198734     0.0242705   0.000511484   0.000199171             1    -0.0530052
            1    0.00071207   -0.00043195    -0.0222228  -0.000711901             1   0.000391115    0.00747885   0.000432228  -0.000390808             1    -0.0485417
            1   0.000868601    -0.0004354     -0.031719  -0.000868567             1   7.85226e-05    -0.0654808   0.000435468  -7.81444e-05             1    -0.0456529
            1   0.000709115  -0.000356053    -0.0250689  -0.000709153             1  -0.000104205    0.00125075   0.000355979   0.000104457             1    -0.0384238
            1   0.000767159  -0.000389609    -0.0223717  -0.000767289             1   -0.00033204     0.0208715   0.000389355   0.000332339             1    -0.0337731
     0.999999    0.00103132  -0.000529861    -0.0234763   -0.00103167      0.999999  -0.000667375     0.0593625   0.000529172   0.000667921             1  -7.05524e-05
     0.999999    0.00113024   -0.00064292    -0.0276076   -0.00113063      0.999999  -0.000599037      0.042654   0.000642242   0.000599763             1    -0.0138284
     0.999999    0.00129512  -0.000693934    -0.0207839   -0.00129568      0.999999  -0.000809811     0.0389041   0.000692884    0.00081071      0.999999     -0.040882
     0.999999    0.00117776  -0.000672626     -0.010008   -0.00117819      0.999999  -0.000641731     0.0376918    0.00067187   0.000642523             1    -0.0258346
     0.999999    0.00104287  -0.000486569    -0.0143156   -0.00104333      0.999999  -0.000942237    -0.0821706   0.000485586   0.000942744      0.999999    -0.0370105
     0.999999    0.00110704    -0.0004721    -0.0178558   -0.00110752      0.999999   -0.00101235      0.050075   0.000470979    0.00101287      0.999999    -0.0217131
     0.999999    0.00106321  -0.000533285    -0.0130207    -0.0010638      0.999999   -0.00112003     0.0727345   0.000532094    0.00112059      0.999999    -0.0199284
     0.999999    0.00105957  -0.000342323    -0.0136305   -0.00106003      0.999999   -0.00132626    -0.0430189   0.000340917    0.00132662      0.999999    -0.0100374
     0.999999    0.00124228  -0.000403882    -0.0186042   -0.00124274      0.999999   -0.00113991    -0.0673085   0.000402465    0.00114041      0.999999    -0.0043347
