# 3dvolreg matrices (DICOM-to-DICOM, row-by-row):
            1  -0.000468088   0.000129723    -0.0218814    0.00046797      0.999999    0.00090486      0.010601  -0.000130146    -0.0009048             1    -0.0271574
            1  -0.000424943   0.000433633   -0.00669205   0.000424054      0.999998    0.00204861     0.0607339  -0.000434502   -0.00204843      0.999998     0.0383402
            1  -0.000407135   0.000275704     0.0031889   0.000407074             1   0.000219067     0.0366219  -0.000275794  -0.000218954             1      0.036463
            1  -0.000609661   2.45819e-05     0.0077315   0.000609651             1   0.000389796     0.0428489  -2.48196e-05   -0.00038978             1      0.058981
            1  -0.000709563   0.000182082   -0.00198377   0.000709521             1   0.000232501    0.00768457  -0.000182247  -0.000232371             1     0.0210468
            1  -0.000731112  -9.93921e-05   -0.00154263   0.000731147             1   0.000343307    -0.0148906   9.91411e-05  -0.000343379             1   -0.00571275
            1  -0.000743835  -0.000105038   -0.00856056   0.000743874             1   0.000368694     0.0360717   0.000104764  -0.000368772             1     0.0143861
            1  -0.000614021   7.78494e-05    -0.0081364   0.000614003             1    0.00022111    0.00568845  -7.79852e-05  -0.000221062             1     0.0246225
            1  -0.000589851  -9.31972e-05   -0.00343291   0.000589839             1  -0.000130283   -0.00870819    9.3274e-05   0.000130228             1     0.0296954
            1  -0.000624598  -1.16708e-05   -0.00634313   0.000624597             1   -9.1337e-05     0.0163327   1.17279e-05   9.13297e-05             1     0.0266495
            1  -0.000560506   2.07914e-05   -0.00256013   0.000560508             1  -8.29128e-05    -0.0063501  -2.07449e-05   8.29245e-05             1     0.0471165
            1  -0.000570975   0.000176641   -0.00823307   0.000571008             1  -0.000187813     0.0465869  -0.000176534   0.000187914             1     0.0335314
            1  -0.000550117   0.000254544    -0.0099035   0.000550013             1   0.000408938     0.0219843  -0.000254769  -0.000408798             1     0.0486875
            1   -0.00050073   0.000354031    -0.0101498    0.00050067             1   0.000169182     -0.108428  -0.000354116  -0.000169005             1     0.0401537
            1   -0.00034575   8.92817e-05   -0.00894556   0.000345756             1  -6.81631e-05     0.0117295  -8.92581e-05    6.8194e-05             1     0.0329232
            1  -0.000392166    0.00018615   -0.00362627    0.00039216             1   3.20026e-05     0.0653805  -0.000186163  -3.19296e-05             1     0.0506082
            1  -0.000258699   9.46464e-05    -0.0017181   0.000258722             1  -0.000251146     -0.046902  -9.45814e-05    0.00025117             1     0.0267709
            1  -0.000189616  -0.000222725    0.00614277   0.000189569             1  -0.000211833     0.0372226   0.000222766   0.000211791             1     0.0266779
            1  -0.000110179   -0.00013613    0.00492307   0.000110174             1  -4.06432e-05   -0.00903975   0.000136134   4.06282e-05             1     0.0267352
            1  -0.000143488   7.17285e-06      0.010399   0.000143491             1  -0.000331313    0.00736712  -7.12531e-06   0.000331314             1      0.052472
            1   -8.1794e-05  -2.83676e-05    0.00383748   8.17942e-05             1   7.11242e-06     0.0568859    2.8367e-05  -7.11474e-06             1      0.029677
            1   0.000337988   1.10899e-05    0.00256523  -0.000337984             1   -0.00036874   -0.00028816  -1.12145e-05   0.000368736             1    -0.0117026
            1   0.000137749   7.77083e-05    0.00255978  -0.000137749             1   5.05928e-06       0.13082  -7.77076e-05  -5.06998e-06             1     0.0229564
            1   3.05561e-07   5.08969e-05    -0.0026179  -3.10597e-07             1   9.89535e-05     0.0327122  -5.08969e-05  -9.89536e-05             1   -0.00324138
            1   1.47582e-11  -1.13025e-10  -1.87143e-10  -1.47582e-11             1   1.05133e-11    3.9171e-09   1.13025e-10  -1.05133e-11             1  -3.14909e-09
            1   0.000158937  -9.10675e-05   0.000787999  -0.000158924             1   0.000140721      0.053333   9.10898e-05  -0.000140707             1     0.0150311
            1   0.000297375   0.000197165    -0.0115686  -0.000297456             1   0.000411521     0.0141885  -0.000197043   -0.00041158             1     0.0168468
            1   0.000174537   3.35056e-05    -0.0127489  -0.000174541             1   0.000119093     0.0709824  -3.34848e-05  -0.000119099             1     0.0056715
            1   9.99889e-05   7.99274e-06     -0.012733  -9.99886e-05             1   -3.7028e-05     0.0359791  -7.99644e-06   3.70272e-05             1    -0.0195042
            1   9.57596e-05   6.55065e-05    -0.0153048  -9.57527e-05             1  -0.000105517     0.0110553  -6.55167e-05   0.000105511             1    -0.0112205
            1   0.000131585   0.000254015    -0.0219134   -0.00013168             1   0.000375195     0.0620924  -0.000253966  -0.000375228             1   -0.00640604
            1   0.000380685   5.73018e-05    -0.0197267  -0.000380693             1   0.000139908      0.019389  -5.72485e-05   -0.00013993             1    -0.0279166
            1   0.000335493   1.35687e-05    -0.0121753  -0.000335493             1  -5.10568e-05     0.0145421  -1.35858e-05   5.10523e-05             1    -0.0100442
            1   0.000448078   0.000110927    -0.0146601  -0.000448091             1    0.00011786    -0.0158595  -0.000110874   -0.00011791             1    -0.0292933
            1   0.000619226  -4.59011e-05   -0.00702908   -0.00061924             1  -0.000313868     0.0264343   4.57068e-05   0.000313896             1    -0.0144217
            1   0.000431409   -4.5881e-05    -0.0077126   -0.00043141             1  -1.18462e-05     0.0596273   4.58758e-05    1.1866e-05             1     -0.013845
            1   0.000498955   7.73326e-06    -0.0122059  -0.000498953             1  -0.000231745     0.0245134  -7.84889e-06   0.000231741             1    -0.0309384
            1   0.000497688  -5.34156e-05   -0.00590447    -0.0004977             1  -0.000219532     0.0932358   5.33063e-05   0.000219559             1    -0.0152688
            1   0.000544496   2.25817e-05   -0.00666891  -0.000544497             1   2.05455e-05     -0.020676  -2.25705e-05  -2.05578e-05             1    -0.0330232
            1   0.000660572   7.49793e-05    -0.0102741  -0.000660562             1  -0.000144576     0.0156107  -7.50748e-05   0.000144526             1    -0.0149792
            1   0.000750351      0.000246    -0.0134143  -0.000750331             1  -8.16465e-05      0.116397  -0.000246062   8.14619e-05             1    0.00909086
            1   0.000933576   0.000158831    -0.0155473  -0.000933582             1   4.04722e-05     0.0766584  -0.000158793  -4.06204e-05             1    0.00176258
            1   0.000972416   0.000113892    -0.0100187  -0.000972461      0.999999   0.000396459     0.0757176  -0.000113506   -0.00039657             1     0.0141405
     0.999999    0.00111977   0.000116059    -0.0185697   -0.00111987      0.999999   0.000932983    -0.0559325  -0.000115014  -0.000933113             1    0.00760003
            1   0.000945367   8.08447e-05    -0.0131296  -0.000945428      0.999999    0.00076225     0.0167284  -8.01241e-05  -0.000762326             1   -0.00325606
            1    0.00077404   0.000174344   -0.00990419  -0.000774108             1    0.00038666     0.0783405  -0.000174044  -0.000386795             1    -0.0250457
            1   0.000895068   5.00734e-05    -0.0049565  -0.000895065             1  -5.81381e-05      0.050095  -5.01255e-05   5.80932e-05             1   -0.00915674
            1   0.000693623  -1.55083e-05    0.00672446   -0.00069362             1   0.000201527    0.00496671   1.56481e-05  -0.000201516             1   -0.00652482
            1   0.000462412  -6.36275e-05     0.0113004  -0.000462396             1   0.000248899      0.038351   6.37426e-05   -0.00024887             1    -0.0466006
            1   0.000549947  -0.000145516    0.00807824  -0.000549931             1   0.000113127     0.0899602   0.000145579  -0.000113047             1    -0.0167427
            1   0.000511352   0.000100403     0.0100776  -0.000511356             1   3.50408e-05    -0.0292158  -0.000100385  -3.50921e-05             1    -0.0183674
     0.999999   0.000985123   0.000732013    0.00716201  -0.000986399      0.999998    0.00174482     0.0980787  -0.000730293   -0.00174554      0.999998   -0.00858607
     0.999999    0.00090513    0.00078995    0.00288197  -0.000906112      0.999999    0.00124333     0.0711185  -0.000788824   -0.00124405      0.999999    -0.0276529
            1   0.000669686   0.000398405   -0.00478744  -0.000669527             1  -0.000399973     0.0606699  -0.000398673   0.000399706             1    -0.0779259
            1   0.000634744   0.000452709   -0.00189912  -0.000634839             1   0.000209857      0.096741  -0.000452576  -0.000210145             1    -0.0626116
     0.999999   0.000741686   0.000707691   -0.00322562   -0.00074143             1  -0.000361757     0.0610438  -0.000707959   0.000361232             1    -0.0718266
     0.999999   0.000883229   0.000978668    -0.0116056  -0.000883242             1   1.29589e-05      0.124853  -0.000978656  -1.38233e-05             1    -0.0562813
     0.999999   0.000857514    0.00091588   -0.00764714  -0.000857463             1  -5.59809e-05    -0.0312803  -0.000915927   5.51955e-05             1    -0.0718338
     0.999999    0.00103755   0.000772065   -0.00430142   -0.00103755      0.999999   9.78849e-06     0.0197008  -0.000772054  -1.05895e-05             1    -0.0828307
     0.999999    0.00103986   0.000692904    -0.0098532      -0.00104      0.999999   0.000191988      0.157131  -0.000692704  -0.000192709             1    -0.0835877
     0.999999    0.00108926   0.000744341    -0.0113674   -0.00108934      0.999999   0.000103288     0.0604225  -0.000744228  -0.000104099             1    -0.0793729
     0.999999    0.00110552   0.000820702   -0.00846648   -0.00110544      0.999999  -8.74613e-05    -0.0232206  -0.000820799    8.6554e-05             1    -0.0802534
     0.999999   0.000970626   0.000674896   -0.00169257  -0.000970549             1  -0.000114846     0.0113579  -0.000675007   0.000114191             1    -0.0776115
     0.999999   0.000915983   0.000734427    0.00408851  -0.000916046             1    8.4768e-05    -0.0120346  -0.000734349  -8.54407e-05             1    -0.0585287
     0.999999   0.000952659   0.000802304    0.00837911  -0.000952649             1  -1.23625e-05    -0.0489332  -0.000802315   1.15982e-05             1    -0.0383138
     0.999999    0.00100057   0.000763868    0.00504409   -0.00100066      0.999999   0.000118206    -0.0170628   -0.00076375   -0.00011897             1    -0.0459886
     0.999999   0.000908561   0.000815697    0.00561875  -0.000908742             1   0.000222153     0.0463258  -0.000815495  -0.000222894             1    -0.0388719
     0.999999   0.000801702   0.000901813    0.00602643  -0.000801836             1   0.000148174     0.0597803  -0.000901694  -0.000148897             1    -0.0420294
     0.999999   0.000879547   0.000951766  -0.000976861  -0.000879679             1   0.000137322     0.0942563  -0.000951645  -0.000138159             1    -0.0405695
     0.999999    0.00107459   0.000956976   -0.00423982   -0.00107477      0.999999    0.00018744   -0.00740879  -0.000956774  -0.000188469             1     -0.054714
     0.999999    0.00110463    0.00102307   -0.00457122   -0.00110448      0.999999  -0.000148953    0.00187347   -0.00102324   0.000147823      0.999999    -0.0463232
     0.999999    0.00100461     0.0011482   -0.00173837    -0.0010046      0.999999  -1.39906e-05     0.0403461   -0.00114821   1.28371e-05      0.999999    -0.0377855
     0.999999   0.000952102    0.00126566   -0.00914531  -0.000951977             1  -9.94062e-05    -0.0117644   -0.00126575   9.82012e-05      0.999999    -0.0388563
     0.999999   0.000903416    0.00110324    0.00235649  -0.000903945      0.999999   0.000478555     0.0644237   -0.00110281  -0.000479551      0.999999    -0.0288037
     0.999999   0.000861021   0.000791094     0.0124071  -0.000860908             1  -0.000143299      0.101243  -0.000791217   0.000142618             1    -0.0512408
     0.999999    0.00093145   0.000832102     0.0104602  -0.000931338             1  -0.000136036     0.0685218  -0.000832229   0.000135261             1     -0.050147
     0.999999   0.000959679   0.000830707    0.00821119  -0.000959749             1   8.40082e-05    -0.0244604  -0.000830626  -8.48054e-05             1    -0.0566101
     0.999999   0.000742195   0.000834597      0.011063  -0.000742117             1  -9.31966e-05    -0.0122185  -0.000834666   9.25772e-05             1     -0.057724
     0.999999   0.000921497    0.00108702    0.00135564  -0.000922145      0.999999   0.000595748  -0.000829502   -0.00108647   -0.00059675      0.999999    -0.0120319
     0.999999    0.00104706   0.000974416  -9.17962e-05   -0.00104721      0.999999    0.00015307     0.0244425  -0.000974255   -0.00015409             1    -0.0114247
     0.999999   0.000948912   0.000859101    0.00893177  -0.000949041             1     0.0001488     0.0801246   -0.00085896  -0.000149615             1    -0.0171599
     0.999999   0.000840832   0.000924697     0.0114609  -0.000840914             1    8.8484e-05     0.0511964  -0.000924622  -8.92615e-05             1    -0.0194982
     0.999999    0.00100466    0.00101109    0.00616421   -0.00100469      0.999999   2.24536e-05     0.0844112   -0.00101107  -2.34694e-05      0.999999     -0.020927
     0.999999    0.00083599   0.000987506     0.0221827  -0.000836206             1    0.00021922     0.0775921  -0.000987322  -0.000220046      0.999999      0.010071
     0.999999    0.00076285    0.00106996     0.0262389  -0.000762992             1   0.000132559    -0.0251733   -0.00106986  -0.000133376      0.999999    0.00236861
     0.999999   0.000887955   0.000773438     0.0374443  -0.000888215             1   0.000337095     0.0051631  -0.000773139  -0.000337782             1     0.0100707
     0.999999    0.00095718   0.000972078     0.0234977  -0.000958012      0.999999   0.000855488      0.047918  -0.000971258  -0.000856418      0.999999     0.0287211
     0.999999   0.000968058   0.000837032     0.0243136  -0.000968683      0.999999   0.000746808    0.00383251  -0.000836309  -0.000747619      0.999999     0.0306784
     0.999999    0.00105144   0.000899758     0.0248373   -0.00105211      0.999999   0.000749673     0.0413262  -0.000898969  -0.000750619      0.999999     0.0493392
     0.999998    0.00194105   0.000979588     0.0129719   -0.00194315      0.999996    0.00214152     0.0594222  -0.000975427   -0.00214342      0.999997     0.0663539
     0.999996    0.00250526    0.00104449    0.00721034   -0.00250831      0.999993    0.00293099     0.0546408   -0.00103714    -0.0029336      0.999995     0.0879098
     0.999996    0.00253715   0.000963821     0.0181494   -0.00253992      0.999993    0.00288952    -0.0427253  -0.000956483   -0.00289196      0.999995      0.112331
     0.999997    0.00242822   0.000980424     0.0158751   -0.00243069      0.999994    0.00252156    -0.0782762  -0.000974295   -0.00252394      0.999996      0.108023
     0.999997    0.00213327    0.00125136     0.0169436   -0.00213694      0.999993    0.00293873     0.0179591   -0.00124509    -0.0029414      0.999995      0.115805
     0.999997    0.00201581    0.00124157     0.0294557   -0.00201994      0.999992     0.0033315     0.0397177   -0.00123484   -0.00333399      0.999994      0.110074
     0.999997    0.00220479    0.00126069    0.00916271   -0.00220908      0.999992    0.00341426    -0.0132469   -0.00125315   -0.00341703      0.999993     0.0527164
     0.999997    0.00242176   0.000835065    0.00319113   -0.00242494       0.99999    0.00383018     0.0330624  -0.000825781   -0.00383219      0.999992     0.0293109
     0.999997      0.002362   0.000782813     0.0219022   -0.00236524      0.999989    0.00417128      0.115323  -0.000772951   -0.00417312      0.999991     0.0910523
     0.999997    0.00248732   0.000890171     0.0265106   -0.00249073      0.999989    0.00385955     0.0763372  -0.000880562   -0.00386175      0.999992     0.0909556
     0.999996    0.00260085   0.000784007     0.0313226    -0.0026042      0.999987    0.00431054     0.0160942  -0.000772786   -0.00431256       0.99999     0.0816619
     0.999996    0.00262609   0.000690608     0.0321666   -0.00262901      0.999987    0.00426006  -8.61496e-05  -0.000679412   -0.00426186      0.999991     0.0660662
     0.999996    0.00256522   0.000842997     0.0318268    -0.0025691      0.999986    0.00463486     0.0120801  -0.000831096   -0.00463701      0.999989      0.075702
     0.999997    0.00251383   0.000653184     0.0365493   -0.00251667      0.999987     0.0043821     0.0690442  -0.000642159   -0.00438373       0.99999     0.0929564
     0.999997    0.00242535   0.000734767     0.0373976   -0.00242835      0.999989    0.00410099      0.105753  -0.000724813   -0.00410276      0.999991     0.0936467
     0.999997    0.00239533   0.000924581     0.0429886   -0.00239901      0.999989    0.00400123     0.0241444  -0.000914987   -0.00400344      0.999992      0.112266
     0.999997    0.00230981   0.000793498     0.0435132   -0.00231309      0.999989     0.0041655    0.00246458  -0.000783867   -0.00416732      0.999991     0.0976536
     0.999997    0.00227594   0.000836559     0.0430933   -0.00227946      0.999988    0.00423514     0.0439976   -0.00082691   -0.00423704      0.999991     0.0908017
     0.999997    0.00229239    0.00106159     0.0433679   -0.00229706      0.999988      0.004421    -0.0122386   -0.00105144   -0.00442342       0.99999      0.104003
     0.999997    0.00244295    0.00085748     0.0544169   -0.00244652      0.999988    0.00418927     0.0137747  -0.000847236   -0.00419135      0.999991      0.127364
     0.999997    0.00233924   0.000957709     0.0579871   -0.00234326      0.999988    0.00421749     0.0705491  -0.000947833   -0.00421972      0.999991      0.147632
     0.999996    0.00249155    0.00127783      0.049339   -0.00249697      0.999988    0.00425757    -0.0264566    -0.0012672   -0.00426074       0.99999      0.159024
     0.999996    0.00262885   0.000928217      0.041407   -0.00263226       0.99999    0.00369357      0.038816  -0.000918498     -0.003696      0.999993      0.163328
     0.999997    0.00212298   0.000943487     0.0546084   -0.00212717      0.999988    0.00446398      0.103641  -0.000933999   -0.00446598       0.99999      0.197488
     0.999996    0.00246281    0.00109571     0.0478061    -0.0024679      0.999986     0.0046679     0.0325103    -0.0010842   -0.00467059      0.999989      0.171607
     0.999996    0.00259956    0.00104361     0.0402748   -0.00260502      0.999983    0.00526449      0.158136   -0.00102991   -0.00526719      0.999986      0.155018
     0.999997    0.00229368   0.000824668     0.0605342   -0.00229831      0.999981    0.00565689       0.07409  -0.000811678   -0.00565877      0.999984       0.15005
     0.999997    0.00232481   0.000968986     0.0538154   -0.00233032      0.999981    0.00572172     0.0738067  -0.000955666   -0.00572396      0.999983      0.130895
     0.999997    0.00249429   0.000776219      0.041345   -0.00249826      0.999984    0.00516018     -0.168078  -0.000763335    -0.0051621      0.999986      0.174841
     0.999997    0.00239075   0.000479389     0.0458698   -0.00239322      0.999984    0.00521302     0.0385782  -0.000466918   -0.00521415      0.999986      0.282696
     0.999997    0.00240774    0.00095784     0.0437008   -0.00241364      0.999978     0.0062146      0.236386  -0.000942855   -0.00621689       0.99998      0.202709
     0.999996    0.00246413    0.00107574     0.0500092   -0.00247087      0.999977    0.00631393     0.0121021   -0.00106016   -0.00631657      0.999979      0.154654
     0.999996    0.00260086    0.00102965      0.052125   -0.00260752      0.999975    0.00651402   -0.00271088   -0.00101268   -0.00651668      0.999978      0.167701
     0.999996    0.00272772    0.00101643     0.0496289    -0.0027341      0.999976    0.00632693     0.0371243  -0.000999152   -0.00632968      0.999979      0.168372
     0.999997     0.0023792    0.00105037     0.0684672   -0.00238602      0.999976    0.00654084     0.0562656   -0.00103478   -0.00654332      0.999978      0.207636
     0.999997    0.00214938    0.00149555     0.0670804   -0.00215973      0.999973    0.00695613    -0.0264131   -0.00148056   -0.00695934      0.999975      0.219723
     0.999998    0.00188903    0.00113511     0.0803037   -0.00189749       0.99997    0.00750704     0.0474105    -0.0011209   -0.00750917      0.999971      0.226625
     0.999998    0.00171765    0.00106065     0.0777606   -0.00172557       0.99997    0.00750437      0.075019   -0.00104772   -0.00750619      0.999971       0.19421
     0.999998    0.00165973    0.00147843      0.054639   -0.00167117      0.999968    0.00776625     0.0530671   -0.00146549    -0.0077687      0.999969      0.187386
     0.999997    0.00169003    0.00153318     0.0463445   -0.00170169      0.999969    0.00763503    -0.0872752   -0.00152023   -0.00763762       0.99997      0.172422
     0.999997    0.00172688    0.00163295     0.0429781   -0.00173898      0.999971    0.00744189      -0.02566   -0.00162005   -0.00744471      0.999971      0.219468
     0.999997    0.00189998    0.00123701     0.0390958   -0.00190867      0.999973    0.00705953     0.0110525   -0.00122356   -0.00706188      0.999974    -0.0169267
     0.999997    0.00211218    0.00135327     0.0453632   -0.00212203      0.999971    0.00731836      0.107629   -0.00133777   -0.00732121      0.999972     0.0289929
     0.999996    0.00237729    0.00135967     0.0428834   -0.00238836      0.999963    0.00820349      0.156877   -0.00134012   -0.00820671      0.999965      0.113334
     0.999996    0.00217144    0.00157934     0.0299774   -0.00218406      0.999965     0.0080312    -0.0297397   -0.00156185   -0.00803462      0.999967      0.105896
     0.999997    0.00191049     0.0014709     0.0439087   -0.00192207      0.999967     0.0079063    -0.0379007   -0.00145575   -0.00790911      0.999968     0.0847755
     0.999996    0.00183064    0.00196227      0.046484   -0.00184674      0.999964    0.00823433      0.100574   -0.00194713   -0.00823793      0.999964       0.11224
     0.999997    0.00125817    0.00223102     0.0385443   -0.00127773      0.999961    0.00878955     0.0550244   -0.00221987   -0.00879237      0.999959      0.113474
     0.999997    0.00149151    0.00208815     0.0336214   -0.00150962      0.999961     0.0086987    -0.0108881    -0.0020751   -0.00870182       0.99996     0.0971718
     0.999997    0.00158765     0.0021109     0.0327138   -0.00160556      0.999962    0.00851072      0.085947   -0.00209731   -0.00851408      0.999962      0.118109
     0.999997    0.00166528    0.00197375     0.0404879   -0.00168266       0.99996    0.00883667     0.0483692   -0.00195895   -0.00883996      0.999959      0.148211
     0.999996    0.00182551    0.00192105     0.0388869   -0.00184248      0.999959    0.00886725     0.0772921   -0.00190479   -0.00887076      0.999959      0.151483
     0.999997    0.00195764     0.0015378     0.0353491   -0.00197159      0.999956    0.00911714      0.144326   -0.00151989   -0.00912015      0.999957      0.153147
     0.999996    0.00235523    0.00135464     0.0232188   -0.00236724      0.999957     0.0089327     0.0294955   -0.00133354   -0.00893588      0.999959      0.156367
     0.999997    0.00203739    0.00118333     0.0307364   -0.00204814      0.999956    0.00916076     0.0914526   -0.00116461   -0.00916316      0.999957      0.188636
     0.999998    0.00183311   0.000970722     0.0334523   -0.00184248      0.999951    0.00974102     0.0931973  -0.000952818   -0.00974279      0.999952      0.186256
     0.999998    0.00184193   0.000808889      0.039682   -0.00184996      0.999948     0.0100476    0.00705438  -0.000790339    -0.0100491      0.999949       0.19158
     0.999998    0.00170574    0.00103624     0.0420569   -0.00171633      0.999945     0.0103113     0.0039564   -0.00101859     -0.010313      0.999946       0.23377
     0.999998    0.00172803   0.000883011     0.0347329   -0.00173688      0.999947     0.0101235      0.210173   -0.00086547     -0.010125      0.999948      0.236808
     0.999998     0.0016919   0.000813445     0.0376998   -0.00170026      0.999945     0.0103946      0.158371  -0.000795813    -0.0103959      0.999946      0.201716
     0.999999    0.00154311   0.000742637     0.0359808   -0.00155078      0.999944     0.0104492     0.0741832  -0.000726471    -0.0104503      0.999945      0.220769
